2.337575
2.2198188
1.9593666
1.8181593
1.7232772
1.568584
1.5182683
1.1661025
1.34894
1.2883168
1.3101941
1.4266663
1.1453298
1.0163782
1.2190707
1.3656952
1.0854994
1.0374417
0.80075914
0.82991445
1.2641808
1.0985537
1.1275318
0.81271285
1.0691384
1.0746901
0.7822964
0.7737984
1.3887753
0.9973636
0.6495725
0.83837044
0.88221645
1.2512096
0.7857205
1.0435199
0.88588667
0.58644414
0.59146607
0.7712889
0.6747925
0.9119266
1.0343275
0.71942556
0.5886403
0.5426147
0.62065357
0.6185968
1.2045496
0.52969444
0.41054046
0.62359333
0.5860673
1.024873
0.589943
0.39167625
0.3994664
0.96915066
0.9505056
0.75502217
0.4908588
0.4345705
0.95857203
