2.321582
2.2906795
2.2699556
2.215432
2.1930237
2.2943807
2.1389337
2.1077716
2.0674334
2.1645355
2.1521897
2.0545251
2.091724
2.0936732
1.9932511
1.9867884
2.0641422
1.9525943
1.9014869
1.9577423
2.00686
1.9258934
1.9456713
1.9904857
1.8301933
1.7752227
1.9186026
1.8118224
1.7637818
1.7488897
1.8028213
1.7745528
1.7708523
1.7455051
1.866893
1.9136107
1.7125036
1.650487
1.564666
1.7251511
1.4343531
1.5312072
1.7114778
1.7241225
1.3717775
1.7472069
1.471589
1.3483254
1.6800139
1.4778514
1.5548351
1.4330106
1.7089169
1.5926809
1.5141342
1.318236
1.4888728
1.3303816
1.3037267
1.5308566
1.5268997
1.4432971
1.442826
1.3001286
1.359673
1.2989243
1.2127596
1.2546515
1.2675798
1.2987763
1.1447122
1.114329
1.3120894
1.2509766
1.3767848
1.3859617
1.2788496
1.0509467
1.2098061
1.2442117
1.3320307
1.3078427
1.0705608
1.1727121
1.1811674
1.1872497
1.3008987
1.1188843
1.5007828
1.2605714
1.1058526
1.1532383
1.2231491
1.3224695
1.1320802
1.2369657
1.270395
1.1275952
1.09971
1.1772977
0.98277503
1.1308639
0.947366
1.0920026
1.185672
1.490478
1.0199792
1.3490164
1.2381029
1.0539323
1.0387983
0.9751136
1.3639386
1.1809783
1.0600743
1.2267642
1.1787462
1.0767717
1.0879188
0.87175035
0.97498405
0.92488486
1.0276675
0.8303894
0.9989542
1.0604379
0.7809343
1.2936852
1.1960638
1.0605447
1.0078483
1.0425341
0.79270476
0.8096385
0.9299913
0.87298393
1.0649066
0.75633574
0.7884864
0.9579178
0.9431739
0.97759074
1.3459096
0.81564194
1.0302593
0.7669423
0.93006575
1.092853
0.84370744
1.1472113
1.0597928
0.6725185
1.0234976
0.7775713
0.80716026
1.0494586
0.79421127
0.9427556
0.7957168
1.2008154
0.90988153
0.6240263
0.92265296
0.79914254
0.76680106
1.0061487
0.8929291
0.8680124
0.87726647
0.9174683
0.6670752
0.7718365
0.9637817
1.0677302
0.85202754
0.8660285
0.81535256
0.492427
1.1126921
0.98538256
0.87320906
0.6672826
0.78877014
1.0843844
0.7383322
1.0627267
0.83720374
0.6920906
0.67797244
0.8776899
0.69275254
0.7275066
0.73329663
0.70604384
0.7152346
0.84464264
0.5476819
0.8998029
0.62403226
0.7531644
0.68426925
1.0044737
0.61237884
0.7403995
0.971539
0.8625765
0.49635
1.1381366
1.2240925
0.80577594
0.93543595
0.83400357
1.0228387
0.69471693
0.91218925
1.1787755
0.9816113
0.84490556
1.2152891
0.9151085
0.7392467
0.7903673
0.81757647
0.7146998
0.7240379
0.8057911
0.50089204
0.88255686
1.0203757
0.5953984
0.94722533
0.5898812
0.66753685
0.9206304
0.8891642
0.5980011
0.5737988
0.7534934
0.9388385
0.91779053
0.9671482
0.8627511
0.5579816
0.8310071
0.810475
0.7163571
0.91849446
1.0229988
0.9329993
0.6021048
0.60909116
1.007651
0.88651705
0.6740645
0.64001
1.1800956
0.85514784
0.74830496
1.018568
1.066303
0.7092329
0.87232786
0.6541823
0.8442596
0.667769
0.818339
1.1140633
0.68203294
0.6715145
0.421701
0.79229486
0.5278183
0.9140363
0.8298547
0.9734248
0.6373409
0.5385336
0.9045949
0.50157696
0.48471904
0.39931443
0.6635491
0.7009302
1.0487694
1.0010582
0.5677752
0.6263466
0.5177351
1.0139409
0.6490977
0.5141109
0.80795866
0.7768096
0.80967367
1.0427659
0.6851995
0.73220575
0.98054355
0.8126663
0.6354366
0.6134836
0.56703556
0.7541286
0.6155663
0.70439816
0.6340549
0.6991386
0.77645516
0.95244914
0.7500305
0.88925284
0.6226787
0.55981886
0.63220525
0.68911016
0.7645894
0.8821869
0.85334927
0.6082219
0.6135285
0.5354273
0.6172684
0.985595
0.6430209
0.5668294
0.7502563
0.7700118
0.74786097
0.48334643
0.55949515
0.5064988
0.4810577
0.578094
0.8312003
0.6540478
0.9076402
0.46253088
0.6119706
1.0705755
0.77415156
0.8557849
0.79807293
0.42641047
0.7625556
0.8960964
1.0386559
0.48171297
0.6960042
0.7522223
0.60489154
0.7635722
0.8589471
0.8913647
0.41078156
0.58378625
0.70558196
0.9055191
0.4469494
0.79326564
0.5723697
0.63083375
0.87720174
0.70165205
0.3994959
0.48277143
0.5880088
0.53482914
0.84213346
0.7604111
0.62987065
0.67206633
0.7371799
0.53368586
0.9371408
0.72162515
0.76860225
1.2976277
0.64381605
0.4684221
0.87241125
0.78394765
0.5389185
0.6998226
0.6437272
0.5969231
0.7700086
0.85964227
0.6821436
0.35609525
0.50560296
0.45776466
0.52476597
0.5461136
0.34714788
0.5064271
0.5633589
0.6874491
0.8090683
0.5825887
0.9647573
0.74118596
0.4751752
0.5482327
0.5160813
0.44031218
0.68675655
0.7807413
0.44587004
0.90944886
0.7618918
0.47320196
0.5713159
0.31674755
0.5559143
0.4009102
0.5828965
0.4544099
0.44186804
0.55075926
0.5591881
0.56299615
0.64267504
0.6400409
0.48183867
0.30118477
0.6311363
0.8371713
0.65645224
0.40520617
0.37807223
0.44567984
0.41671532
0.85622096
0.84007984
1.1603172
0.7779745
1.2003917
0.46272856
0.49407357
0.7469919
0.59544605
0.5436568
0.648852
0.5918397
0.7433039
0.6192509
0.7999568
0.6987417
0.6083404
0.49478525
0.5724712
0.7660028
0.65226495
0.4551256
0.52236986
0.77874374
0.5616891
0.59017587
0.45516327
0.8009466
0.72313726
0.93875676
1.1146028
0.6670227
0.7656794
0.6500411
0.6215294
0.5001254
0.69384235
0.60270226
0.5888784
0.3852808
0.50862646
0.6620173
0.9839884
0.90766907
0.58164114
0.87989175
0.5007541
0.62438256
0.91894823
0.5879979
0.6009064
0.6611179
0.8767343
0.59079814
0.4357332
0.5280453
0.5362494
0.42440113
0.5682802
0.6651737
0.57956827
0.57547444
0.4052499
0.9592792
0.52106583
0.7198313
0.55869174
0.92449766
0.6560688
0.4450268
0.62175655
0.80804455
0.43329585
0.5730624
0.50943595
0.5769938
0.48900035
0.43246993
0.40633056
0.9935768
0.5474154
0.56132865
0.51755154
0.7247478
0.44244164
0.6586921
0.65616834
0.69641936
0.5505148
0.6481554
0.62247586
0.35376176
0.4897274
0.50690407
0.65719986
0.370758
0.8440203
0.38773173
0.6393726
0.6935296
0.58999836
0.48309615
0.47141534
0.5343535
0.5317092
0.4406342
0.6834426
0.7576338
0.64122105
0.72943133
0.30464348
0.35085255
0.31247634
0.5158068
0.53456986
0.53475726
0.3852253
0.69724256
0.5519741
0.6403961
0.58071643
0.51600534
0.4048092
0.542874
0.6375392
0.66781723
0.6890521
1.0067693
0.8359583
0.9287758
0.6396083
0.52306044
0.59878314
0.5046506
0.33232072
0.5940618
0.36847728
0.57412565
0.7939151
0.7589476
0.47215664
0.76071006
0.5446038
0.76201975
0.5930598
0.3626892
0.50010455
0.79285014
0.83911335
0.8315388
0.5711455
0.26674813
0.69378227
0.34796783
0.57357234
0.77786386
0.53970647
0.39660883
0.67322296
0.536613
0.57578903
0.5173956
0.5952028
0.595634
0.66504574
0.7041255
0.4960177
0.35293543
0.4897825
0.5810504
0.5151346
0.3110633
0.50216544
0.7769215
0.30117115
0.42810845
0.51973563
0.621233
0.5648644
0.34913456
0.4247774
1.1380681
0.38935214
1.0349559
0.68201077
0.5367205
0.5538007
0.6104258
0.8595524
0.3622864
0.4607866
0.64404833
0.4492953
0.31833315
0.9398517
0.52726007
0.42094287
0.57850957
0.44901842
0.5371007
0.7108193
0.8597988
0.4297156
0.8646165
0.4448861
0.59556746
0.37026864
0.62310934
0.40338767
0.53432107
0.64131767
0.4093687
0.5532205
0.75321406
0.50053453
0.52712435
0.560606
0.5014937
0.75034446
0.5077528
0.7992139
0.7556553
0.57701623
0.6687476
0.3054204
0.5471629
0.6994703
0.5049867
0.788541
0.5471035
0.4493366
0.39618722
0.34219873
0.65710765
0.35422915
0.6214776
0.5458708
0.35895926
0.47529802
0.5442792
0.59012675
0.57872915
0.48057953
0.57143426
0.75628084
0.616108
0.5522486
0.23359652
0.8760627
0.46645322
0.35584384
0.26618955
0.48830104
0.68886983
0.4436869
0.5799266
0.6290009
0.5827153
0.5095097
0.6909605
0.28337878
0.65123
0.73105955
0.74918383
0.5138134
0.349576
0.48608375
0.36715692
0.5467137
0.6383736
0.21659523
0.640042
0.4782661
0.5564184
1.007857
0.35922873
0.35106403
0.50165874
0.841053
0.36721766
0.27004823
0.61991787
0.38018152
0.4369296
0.41018993
0.6657906
0.8460853
0.33856016
0.5266164
0.4452319
0.4386904
0.37491268
0.47379735
0.26280126
0.4757269
0.44798487
0.8479319
1.0250071
0.49439496
0.33240315
0.48122823
0.22923855
0.68084186
0.32178825
0.38234884
0.40821153
0.5619618
0.577491
0.63469756
0.5679711
0.43716663
0.4022817
0.3482971
0.49484688
0.5542332
0.45326793
0.5946826
0.40377998
1.1367693
0.59840775
0.8975967
0.5303882
0.4892402
0.36079422
0.6789812
0.42544425
0.47516838
0.44888362
0.6898569
0.5670212
0.35221517
0.55903345
0.94617987
0.61134386
0.43308878
0.26878056
0.45018947
0.47959596
0.32396698
0.3429482
0.23149413
0.44975695
0.3994162
0.937279
0.2323037
1.011745
0.42837143
0.3806824
0.2319521
0.45172775
0.28038925
0.4877191
0.5592498
0.50734484
0.19557227
0.49137264
0.39242086
0.29958475
0.9106921
0.48568064
0.5543438
0.7078502
0.3968538
0.44928783
0.2617364
0.4552488
0.8382374
0.20503207
0.61404294
0.642916
0.5137996
0.66369504
0.36581302
0.318134
0.33842567
0.47629613
0.4514466
0.7567377
0.17940912
0.26759988
0.42081183
0.44420364
0.7193879
0.3268137
0.5746811
0.25467512
0.8886072
0.770151
0.453597
0.1817341
0.7064251
0.6829149
0.71603256
0.37430543
0.45120376
0.42515364
0.40645725
0.4125367
0.714081
0.8618977
0.27498567
0.42753437
0.69229984
0.6840272
0.28989178
1.0060545
0.3365818
0.645195
0.3615556
0.6117356
0.4039987
0.44328275
0.41367373
0.40849054
0.4748965
0.4453764
0.23441923
0.5537231
0.3541862
0.3927338
0.5873689
0.8766947
0.55967724
0.44373983
0.657591
0.3798839
0.3914192
0.6930008
0.68131053
0.6167994
0.31637052
0.3991127
0.6557371
0.35861468
0.34516615
0.63698995
0.4844334
0.45382786
0.68256664
0.43727797
0.56136084
0.6096755
0.43992153
0.47663525
0.3949526
0.6766637
0.39920396
0.6318769
0.5886293
0.78380597
0.4527805
0.4958577
0.6699009
0.41616875
0.40201008
0.36160177
0.87707365
0.36067623
0.81579167
0.39922476
0.39156643
0.586938
0.6257553
0.4694668
0.3552132
0.26457193
0.7233312
0.73648405
0.27721846
0.5976992
0.44013187
0.45908946
0.75333583
0.6029491
0.2543187
0.431747
0.5055932
0.36901936
0.37016934
0.57451105
0.54216087
0.5417486
0.5748725
0.34898004
0.36263233
0.67145705
0.550686
0.44275492
0.30251157
0.6614605
0.40731794
0.5693353
0.44918504
0.33990693
0.49591458
0.45687234
0.52112573
0.77411723
0.6118705
0.67434394
0.3078492
0.3223188
0.4897443
0.2843796
0.45821938
0.62863564
0.72037566
0.6394171
0.3458104
0.4683779
0.38076782
0.32511914
0.6684412
0.40954575
0.53455997
0.5547294
0.6440666
0.5289197
0.52658373
0.64876664
0.9790468
0.35083133
0.5244699
0.4298637
0.57100314
0.21295974
0.5060258
0.388179
0.62426245
0.74129355
0.6671276
0.65653694
0.32349557
0.33594716
0.38027835
0.27195814
0.48934275
0.45000517
0.7906918
0.45804992
0.3556205
0.6070851
0.5442588
0.75074446
0.28913736
0.367245
0.6127885
0.27721024
0.67612344
0.50651664
0.3628464
0.213516
0.37380743
0.8175926
0.6781072
0.44161522
0.5446996
0.57650554
0.4354493
0.45060283
0.35136247
0.48457852
0.3206801
0.58491266
0.31585848
0.8014659
0.2402299
0.44091982
